image: ground_truth_20260124_204657.pgm
resolution: 0.200000
origin: [-29.399999, -25.800001, 0.000000]
negate: 0
occupied_thresh: 0.65
free_thresh: 0.196
