image: ground_truth_20260125_193135.pgm
resolution: 0.200000
origin: [-29.000000, -27.800001, 0.000000]
negate: 0
occupied_thresh: 0.65
free_thresh: 0.196
